-32648
   188
-32648
   188
-32648
   188
-32648
   188
-19532
-15822
 19928
 16110
 19532
 15822
-19928
-16110
-32476
   234
-32476
   234
-32476
   234
-32476
   234
 -7696
  5998
  8060
 -5714
  7696
 -5998
 -8060
  5714
-32650
   178
-32650
   178
-32650
   178
-32650
   178
-29262
 10332
 29534
 -9932
 29262
-10332
-29534
  9932
-32594
-32600
-32594
-32600
-32594
-32600
-32594
-32600
-24464
  1254
 24896
 -1162
 24464
 -1254
-24896
  1162
   194
-32436
   194
-32436
   194
-32436
   194
-32436
 24700
 24884
-24336
-24476
-24700
-24884
 24336
 24476
   166
   186
   166
   186
   166
   186
   166
   186
  4176
 30512
 -3912
-30236
 -4176
-30512
  3912
 30236
-32664
-32520
-32664
-32520
-32664
-32520
-32664
-32520
-24208
 30560
 24548
-30048
 24208
-30560
-24548
 30048
   172
-32600
   172
-32600
   172
-32600
   172
-32600
 24796
 14306
-24380
-13906
-24796
-14306
 24380
 13906
   282
-32576
   282
-32576
   282
-32576
   282
-32576
 -6652
 12914
  7012
-12742
  6652
-12914
 -7012
 12742
   168
   130
   168
   130
   168
   130
   168
   130
  6666
-24434
 -6210
 24742
 -6666
 24434
  6210
-24742
   102
   194
   102
   194
   102
   194
   102
   194
 32412
 17954
-31916
-17602
-32412
-17954
 31916
 17602
-32576
-32538
-32576
-32538
-32576
-32538
-32576
-32538
-11324
-15534
 11636
 15794
 11324
 15534
-11636
-15794
-32584
   142
-32584
   142
-32584
   142
-32584
   142
 31706
 27250
-31414
-26898
-31706
-27250
 31414
 26898
-32480
    34
-32480
    34
-32480
    34
-32480
    34
 14156
  5604
-13872
 -5364
-14156
 -5604
 13872
  5364
-32602
   262
-32602
   262
-32602
   262
-32602
   262
-18558
-15452
 18950
 15736
 18558
 15452
-18950
-15736
-32614
   228
-32614
   228
-32614
   228
-32614
   228
 15576
 -9528
-15008
  9808
-15576
  9528
 15008
 -9808
-32556
   244
-32556
   244
-32556
   244
-32556
   244
-23944
  3350
 24208
 -3110
 23944
 -3350
-24208
  3110
-32602
-32606
-32602
-32606
-32602
-32606
-32602
-32606
  -716
-19876
  1096
 20144
   716
 19876
 -1096
-20144
   172
-32582
   172
-32582
   172
-32582
   172
-32582
 24072
 26884
-23756
-26520
-24072
-26884
 23756
 26520
   280
   220
   280
   220
   280
   220
   280
   220
-31850
-24812
 32198
 25108
 31850
 24812
-32198
-25108
   112
   192
   112
   192
   112
   192
   112
   192
-28402
-10252
 28906
 10432
 28402
 10252
-28906
-10432
   210
   152
   210
   152
   210
   152
   210
   152
 16180
-23050
-15752
 23430
-16180
 23050
 15752
-23430
-32662
   112
-32662
   112
-32662
   112
-32662
   112
 28752
  5728
-28372
 -5520
-28752
 -5728
 28372
  5520
-32720
-32612
-32720
-32612
-32720
-32612
-32720
-32612
  4628
 11692
 -4204
-11408
 -4628
-11692
  4204
 11408
   222
   184
   222
   184
   222
   184
   222
   184
-23904
-17378
 24248
 17854
 23904
 17378
-24248
-17854
    94
-32498
    94
-32498
    94
-32498
    94
-32498
 25420
-15382
-25104
 15806
-25420
 15382
 25104
-15806
-32622
   110
-32622
   110
-32622
   110
-32622
   110
 -2824
    46
  3032
   326
  2824
   -46
 -3032
  -326
-32594
   130
-32594
   130
-32594
   130
-32594
   130
 32694
-25408
-32378
 25720
-32694
 25408
 32378
-25720
   252
   218
   252
   218
   252
   218
   252
   218
 30584
 13580
-30444
-13424
-30584
-13580
 30444
 13424
   272
-32560
   272
-32560
   272
-32560
   272
-32560
 27442
-18440
-26986
 18884
-27442
 18440
 26986
-18884
   146
-32568
   146
-32568
   146
-32568
   146
-32568
-20594
-21056
 20818
 21520
 20594
 21056
-20818
-21520
-32654
   186
-32654
   186
-32654
   186
-32654
   186
 21540
-26702
-21036
 27122
-21540
 26702
 21036
-27122
-32662
   156
-32662
   156
-32662
   156
-32662
   156
-10688
-11464
 10924
 11916
 10688
 11464
-10924
-11916
   154
-32596
   154
-32596
   154
-32596
   154
-32596
-22206
-20120
 22646
 20504
 22206
 20120
-22646
-20504
   220
    78
   220
    78
   220
    78
   220
    78
 29440
-26466
-28892
 26754
-29440
 26466
 28892
-26754
-32540
   174
-32540
   174
-32540
   174
-32540
   174
-26740
 -8288
 27268
  8492
 26740
  8288
-27268
 -8492
-32662
   212
-32662
   212
-32662
   212
-32662
   212
 27390
 31952
-27178
-31492
-27390
-31952
 27178
 31492
-32544
    80
-32544
    80
-32544
    80
-32544
    80
 20056
-18738
-19684
 19190
-20056
 18738
 19684
-19190
   218
   148
   218
   148
   218
   148
   218
   148
  5590
 29186
 -5194
-28866
 -5590
-29186
  5194
 28866
-32542
   204
-32542
   204
-32542
   204
-32542
   204
-29928
-31612
 30216
 32112
 29928
 31612
-30216
-32112
-32530
-32700
-32530
-32700
-32530
-32700
-32530
-32700
-26154
 18664
 26646
-18240
 26154
-18664
-26646
 18240
-32634
   226
-32634
   226
-32634
   226
-32634
   226
-10110
   382
 10294
   -82
 10110
  -382
-10294
    82
-32576
   120
-32576
   120
-32576
   120
-32576
   120
 17568
 29536
-17060
-29260
-17568
-29536
 17060
 29260
-32582
-32594
-32582
-32594
-32582
-32594
-32582
-32594
 24666
 -7524
-24510
  7908
-24666
  7524
 24510
 -7908
-32556
-32596
-32556
-32596
-32556
-32596
-32556
-32596
 -4602
  4656
  5158
 -4360
  4602
 -4656
 -5158
  4360
   138
   212
   138
   212
   138
   212
   138
   212
 20086
-20994
-19794
 21582
-20086
 20994
 19794
-21582
   146
   120
   146
   120
   146
   120
   146
   120
 10874
-11524
-10414
 11856
-10874
 11524
 10414
-11856
   112
-32578
   112
-32578
   112
-32578
   112
-32578
  4220
 18658
 -3868
-18246
 -4220
-18658
  3868
 18246
-32548
-32594
-32548
-32594
-32548
-32594
-32548
-32594
-12016
-14368
 12292
 15008
 12016
 14368
-12292
-15008
    90
-32602
    90
-32602
    90
-32602
    90
-32602
  5850
 20530
 -5538
-20278
 -5850
-20530
  5538
 20278
-32568
   154
-32568
   154
-32568
   154
-32568
   154
  3214
 10958
 -2922
-10654
 -3214
-10958
  2922
 10654
-32520
   138
-32520
   138
-32520
   138
-32520
   138
 18586
 -7854
-17994
  8182
-18586
  7854
 17994
 -8182
-32618
-32592
-32618
-32592
-32618
-32592
-32618
-32592
-28814
  3452
 29238
 -3008
 28814
 -3452
-29238
  3008
-32486
-32676
-32486
-32676
-32486
-32676
-32486
-32676
 28314
 13630
-28066
-13374
-28314
-13630
 28066
 13374
   220
   200
   220
   200
   220
   200
   220
   200
 -9598
-28650
 10062
 29078
  9598
 28650
-10062
-29078
-32558
   200
-32558
   200
-32558
   200
-32558
   200
 29026
 21858
-28702
-21646
-29026
-21858
 28702
 21646
-32582
-32686
-32582
-32686
-32582
-32686
-32582
-32686
 -8018
-25138
  8342
 25386
  8018
 25138
 -8342
-25386
-32620
   220
-32620
   220
-32620
   220
-32620
   220
-18878
 18072
 19234
-17484
 18878
-18072
-19234
 17484
-32644
-32634
-32644
-32634
-32644
-32634
-32644
-32634
 22400
 31176
-22128
-30780
-22400
-31176
 22128
 30780
   110
-32574
   110
-32574
   110
-32574
   110
-32574
 31294
 -5494
-31082
  5894
-31294
  5494
 31082
 -5894
   276
-32496
   276
-32496
   276
-32496
   276
-32496
-12584
  7050
 12932
 -6614
 12584
 -7050
-12932
  6614
   154
   208
   154
   208
   154
   208
   154
   208
 29080
 -1460
-28648
  1980
-29080
  1460
 28648
 -1980
-32642
   208
-32642
   208
-32642
   208
-32642
   208
-18960
 -1460
 19292
  1980
 18960
  1460
-19292
 -1980
