   144
-32712
   144
-32712
   144
-32712
   144
-32712
-21714
-20410
 21466
 19794
 21714
 20410
-21466
-19794
   160
   186
   160
   186
   160
   186
   160
   186
-29740
-13706
 29336
 13158
 29740
 13706
-29336
-13158
   238
   196
   238
   196
   238
   196
   238
   196
-16596
 10794
 16080
-11238
 16596
-10794
-16080
 11238
-32630
    84
-32630
    84
-32630
    84
-32630
    84
 -4542
 16552
  4290
-16728
  4542
-16552
 -4290
 16728
-32444
   184
-32444
   184
-32444
   184
-32444
   184
-30762
-29958
 30266
 29442
 30762
 29958
-30266
-29442
-32560
   156
-32560
   156
-32560
   156
-32560
   156
 13548
-17326
-14060
 17022
-13548
 17326
 14060
-17022
   158
   146
   158
   146
   158
   146
   158
   146
-23162
 21172
 22714
-21404
 23162
-21172
-22714
 21404
-32512
   150
-32512
   150
-32512
   150
-32512
   150
-23766
 -4358
 23458
  4054
 23766
  4358
-23458
 -4054
   134
-32556
   134
-32556
   134
-32556
   134
-32556
-16874
 31392
 16406
-31728
 16874
-31392
-16406
 31728
-32556
-32584
-32556
-32584
-32556
-32584
-32556
-32584
 28792
-13998
-29260
 13610
-28792
 13998
 29260
-13610
-32552
-32576
-32552
-32576
-32552
-32576
-32552
-32576
 30852
 12246
-31244
-12342
-30852
-12246
 31244
 12342
    42
-32576
    42
-32576
    42
-32576
    42
-32576
-18740
-31884
 18444
 31420
 18740
 31884
-18444
-31420
   150
-32542
   150
-32542
   150
-32542
   150
-32542
 31770
 -9026
-32278
  8682
-31770
  9026
 32278
 -8682
-32536
-32524
-32536
-32524
-32536
-32524
-32536
-32524
 14218
-20640
-14738
 20168
-14218
 20640
 14738
-20168
-32616
-32556
-32616
-32556
-32616
-32556
-32616
-32556
  3990
-10940
 -4422
 10672
 -3990
 10940
  4422
-10672
   188
   130
   188
   130
   188
   130
   188
   130
 16348
 26776
-16652
-27048
-16348
-26776
 16652
 27048
   220
-32688
   220
-32688
   220
-32688
   220
-32688
  4402
-16902
 -4614
 16702
 -4402
 16902
  4614
-16702
-32706
-32608
-32706
-32608
-32706
-32608
-32706
-32608
 16510
 29406
-17094
-29670
-16510
-29406
 17094
 29670
   108
-32660
   108
-32660
   108
-32660
   108
-32660
 -4858
   178
  4578
  -706
  4858
  -178
 -4578
   706
-32626
-32584
-32626
-32584
-32626
-32584
-32626
-32584
 22536
 21084
-22920
-21492
-22536
-21084
 22920
 21492
   246
   154
   246
   154
   246
   154
   246
   154
-17170
-13312
 16714
 12948
 17170
 13312
-16714
-12948
    70
-32572
    70
-32572
    70
-32572
    70
-32572
-26458
 11136
 26018
-11640
 26458
-11136
-26018
 11640
-32632
   154
-32632
   154
-32632
   154
-32632
   154
-18150
-19960
 17686
 19640
 18150
 19960
-17686
-19640
-32590
-32520
-32590
-32520
-32590
-32520
-32590
-32520
 25830
  9644
-26226
 -9832
-25830
 -9644
 26226
  9832
    92
-32686
    92
-32686
    92
-32686
    92
-32686
-27070
 -9298
 26754
  9014
 27070
  9298
-26754
 -9014
   138
   202
   138
   202
   138
   202
   138
   202
  9680
 -8052
 -9980
  7704
 -9680
  8052
  9980
 -7704
-32490
-32452
-32490
-32452
-32490
-32452
-32490
-32452
-17766
-29914
 17466
 29486
 17766
 29914
-17466
-29486
-32674
-32624
-32674
-32624
-32674
-32624
-32674
-32624
 -7642
  5574
  7046
 -5954
  7642
 -5574
 -7046
  5954
-32646
   170
-32646
   170
-32646
   170
-32646
   170
  5378
 27046
 -5730
-27382
 -5378
-27046
  5730
 27382
-32658
    92
-32658
    92
-32658
    92
-32658
    92
 19548
 -3454
-19912
  3006
-19548
  3454
 19912
 -3006
-32694
-32556
-32694
-32556
-32694
-32556
-32694
-32556
  -610
-16244
   274
 16012
   610
 16244
  -274
-16012
-32600
-32696
-32600
-32696
-32600
-32696
-32600
-32696
-10100
-32246
  9980
 31802
 10100
 32246
 -9980
-31802
   158
   174
   158
   174
   158
   174
   158
   174
-25452
 25002
 25072
-25522
 25452
-25002
-25072
 25522
   176
   204
   176
   204
   176
   204
   176
   204
 13692
  2434
-14056
 -2958
-13692
 -2434
 14056
  2958
   150
-32622
   150
-32622
   150
-32622
   150
-32622
 -7244
  6156
  6840
 -6440
  7244
 -6156
 -6840
  6440
   152
   128
   152
   128
   152
   128
   152
   128
 31730
-25524
-32318
 25184
-31730
 25524
 32318
-25184
-32558
   152
-32558
   152
-32558
   152
-32558
   152
 -3646
-26952
  3234
 26452
  3646
 26952
 -3234
-26452
   284
-32690
   284
-32690
   284
-32690
   284
-32690
 -9516
-29572
  9216
 29084
  9516
 29572
 -9216
-29084
    86
-32598
    86
-32598
    86
-32598
    86
-32598
 28526
 18598
-28922
-18726
-28526
-18598
 28922
 18726
-32614
   126
-32614
   126
-32614
   126
-32614
   126
-11256
  3152
 10776
 -3588
 11256
 -3152
-10776
  3588
-32454
-32672
-32454
-32672
-32454
-32672
-32454
-32672
  5636
  7518
 -6076
 -7914
 -5636
 -7518
  6076
  7914
   166
   146
   166
   146
   166
   146
   166
   146
-29716
 -5074
 29360
  4686
 29716
  5074
-29360
 -4686
-32556
-32640
-32556
-32640
-32556
-32640
-32556
-32640
  8300
-28856
 -8664
 28452
 -8300
 28856
  8664
-28452
   146
-32576
   146
-32576
   146
-32576
   146
-32576
 -1946
 30024
  1494
-30400
  1946
-30024
 -1494
 30400
-32618
   220
-32618
   220
-32618
   220
-32618
   220
-21438
 30372
 21138
-30796
 21438
-30372
-21138
 30796
   238
-32572
   238
-32572
   238
-32572
   238
-32572
 31772
-11654
-32276
 11306
-31772
 11654
 32276
-11306
-32516
   156
-32516
   156
-32516
   156
-32516
   156
-17804
  2160
 17428
 -2628
 17804
 -2160
-17428
  2628
-32598
-32628
-32598
-32628
-32598
-32628
-32598
-32628
 29524
  -430
-29876
    34
-29524
   430
 29876
   -34
-32546
   142
-32546
   142
-32546
   142
-32546
   142
 -5472
-19960
  5172
 19640
  5472
 19960
 -5172
-19640
   160
-32598
   160
-32598
   160
-32598
   160
-32598
  -652
 -4726
   232
  4290
   652
  4726
  -232
 -4290
-32558
-32620
-32558
-32620
-32558
-32620
-32558
-32620
-18164
 -6756
 17812
  6304
 18164
  6756
-17812
 -6304
   148
-32580
   148
-32580
   148
-32580
   148
-32580
 17698
-15698
-17858
 15210
-17698
 15698
 17858
-15210
-32526
   120
-32526
   120
-32526
   120
-32526
   120
 12326
-32510
-12726
 32142
-12326
 32510
 12726
-32142
   248
   174
   248
   174
   248
   174
   248
   174
 14424
 10778
-14532
-11114
-14424
-10778
 14532
 11114
-32648
-32604
-32648
-32604
-32648
-32604
-32648
-32604
-32078
-17180
 31646
 17028
 32078
 17180
-31646
-17028
   172
-32674
   172
-32674
   172
-32674
   172
-32674
 16556
-28906
-16908
 28542
-16556
 28906
 16908
-28542
   168
   166
   168
   166
   168
   166
   168
   166
  9000
  2604
 -9312
 -2928
 -9000
 -2604
  9312
  2928
-32492
   152
-32492
   152
-32492
   152
-32492
   152
-16140
 15200
 15932
-15524
 16140
-15200
-15932
 15524
-32576
   238
-32576
   238
-32576
   238
-32576
   238
-24762
 10134
 24414
-10550
 24762
-10134
-24414
 10550
   156
-32614
   156
-32614
   156
-32614
   156
-32614
 10294
 31316
-10714
-31664
-10294
-31316
 10714
 31664
   154
-32600
   154
-32600
   154
-32600
   154
-32600
   340
-10776
  -728
 10232
  -340
 10776
   728
-10232
   170
   200
   170
   200
   170
   200
   170
   200
-19132
 28700
 18796
-29028
 19132
-28700
-18796
 29028
   114
   200
   114
   200
   114
   200
   114
   200
 -2232
 28700
  1812
-29028
  2232
-28700
 -1812
 29028
